<?xml version="1.0"?>
<opencv_storage>
<cameraMatrix type_id="opencv-matrix">
  <rows>3</rows>
  <cols>3</cols>
  <dt>d</dt>
  <data>
    9.4222847226921613e+02 0. 9.4291581906109923e+02 0.
    9.4280202914666472e+02 5.6226011806518613e+02 0. 0. 1.</data></cameraMatrix>
<distCoeffs type_id="opencv-matrix">
  <rows>1</rows>
  <cols>14</cols>
  <dt>d</dt>
  <data>
    -1.3957718298386968e+01 4.6610693300185012e+01
    5.9616401541696246e-04 3.0248898191572181e-04 2.8061618808437139e+01
    -1.3526429241929756e+01 4.0369101242669814e+01
    5.1369108801222055e+01 0. 0. 0. 0. 0. 0.</data></distCoeffs>
</opencv_storage>
