<?xml version="1.0"?>
<opencv_storage>
<roadMatrix type_id="opencv-matrix">
  <rows>1080</rows>
  <cols>2</cols>
  <dt>w</dt>
  <data>
    239 239 239 239 239 239 239 239 239 239 239 239 239 239 239 239 239
    239 239 239 239 239 239 239 239 239 239 239 239 239 239 239 239 239
    239 239 239 239 239 239 239 239 239 239 239 239 239 239 239 239 239
    239 239 239 239 239 239 239 239 239 242 242 242 242 242 242 242 242
    242 242 242 242 242 242 242 242 242 242 242 242 242 242 242 242 242
    242 242 242 242 242 242 242 242 242 242 242 242 242 242 242 242 242
    242 242 242 242 242 242 242 242 242 242 242 242 242 242 242 242 242
    242 248 248 248 248 248 248 248 248 248 248 248 248 248 248 248 248
    248 248 248 248 248 248 248 248 248 248 248 248 248 248 248 248 248
    248 248 248 248 248 248 248 248 248 248 248 248 248 248 248 248 248
    248 248 248 248 248 248 248 248 248 248 253 253 253 253 253 253 253
    253 253 253 253 253 253 253 253 253 253 253 253 253 253 253 253 253
    253 253 253 253 253 253 253 253 253 253 253 253 253 253 253 253 253
    253 253 253 253 253 253 253 253 253 253 253 253 253 253 253 253 253
    253 253 257 257 257 257 257 257 257 257 257 257 257 257 257 257 257
    257 257 257 257 257 257 257 257 257 257 257 257 257 257 257 257 257
    257 257 257 257 257 257 257 257 257 257 257 257 257 257 257 257 257
    257 257 257 257 257 257 257 257 257 257 257 267 267 267 267 267 267
    267 267 267 267 267 267 267 267 267 267 267 267 267 267 267 267 267
    267 267 267 267 267 267 267 267 267 267 267 267 267 267 267 267 267
    267 267 267 267 267 267 267 267 267 267 267 267 267 267 267 267 267
    267 267 267 274 274 274 274 274 274 274 274 274 274 274 274 274 274
    274 274 274 274 274 274 274 274 274 274 274 274 274 274 274 274 274
    274 274 274 274 274 274 274 274 274 274 274 274 274 274 274 274 274
    274 274 274 274 274 274 274 274 274 274 274 274 286 286 286 286 286
    286 286 286 286 286 286 286 286 286 286 286 286 286 286 286 286 286
    286 286 286 286 286 286 286 286 286 286 286 286 286 286 286 286 286
    286 286 286 286 286 286 286 286 286 286 286 286 286 286 286 286 286
    286 286 286 286 299 299 299 299 299 299 299 299 299 299 299 299 299
    299 299 299 299 299 299 299 299 299 299 299 299 299 299 299 299 299
    299 299 299 299 299 299 299 299 299 299 299 299 299 299 299 299 299
    299 299 299 299 299 299 299 299 299 299 299 299 299 309 309 309 309
    309 309 309 309 309 309 309 309 309 309 309 309 309 309 309 309 309
    309 309 309 309 309 309 309 309 309 309 309 309 309 309 309 309 309
    309 309 309 309 309 309 309 309 309 309 309 309 309 309 309 309 309
    309 309 309 309 309 316 316 316 316 316 316 316 316 316 316 316 316
    316 316 316 316 316 316 316 316 316 316 316 316 316 316 316 316 316
    316 316 316 316 316 316 316 316 316 316 316 316 316 316 316 316 316
    316 316 316 316 316 316 316 316 316 316 316 316 316 316 320 320 320
    320 320 320 320 320 320 320 320 320 320 320 320 320 320 320 320 320
    320 320 320 320 320 320 320 320 320 320 320 320 320 320 320 320 320
    320 320 320 320 320 320 320 320 320 320 320 320 320 320 320 320 320
    320 320 320 320 320 320 325 325 325 325 325 325 325 325 325 325 325
    325 325 325 325 325 325 325 325 325 325 325 325 325 325 325 325 325
    325 325 325 325 325 325 325 325 325 325 325 325 325 325 325 325 325
    325 325 325 325 325 325 325 325 325 325 325 325 325 325 325 335 335
    335 335 335 335 335 335 335 335 335 335 335 335 335 335 335 335 335
    335 335 335 335 335 335 335 335 335 335 335 335 335 335 335 335 335
    335 335 335 335 335 335 335 335 335 335 335 335 335 335 335 335 335
    335 335 335 335 335 335 335 344 344 344 344 344 344 344 344 344 344
    344 344 344 344 344 344 344 344 344 344 344 344 344 344 344 344 344
    344 344 344 344 344 344 344 344 344 344 344 344 344 344 344 344 344
    344 344 344 344 344 344 344 344 344 344 344 344 344 344 344 344 361
    359 359 359 359 359 359 359 359 359 359 359 359 359 359 359 359 359
    359 359 359 359 359 359 359 359 359 359 359 359 359 359 359 359 359
    359 359 359 359 359 359 359 359 359 359 359 359 359 359 359 359 359
    359 359 359 359 359 359 359 359 374 374 374 374 374 374 374 374 374
    374 374 374 374 374 374 374 374 374 374 374 374 374 374 374 374 374
    374 374 374 374 374 374 374 374 374 374 374 374 374 374 374 374 374
    374 374 374 374 374 374 374 374 374 374 374 374 374 374 374 374 374
    379 379 379 379 379 379 379 379 379 379 379 379 379 379 379 379 379
    379 379 379 379 379 379 379 379 379 379 379 379 379 379 379 379 379
    379 379 379 379 379 379 379 379 379 379 379 379 379 379 379 379 379
    379 379 379 379 379 379 379 379 379 376 376 0 0 0 0 0 0 0 0 0 0 0 0
    0 0 0 0 0 0 0 0 0 0 0 0 0 0 0 0 0 0 0 0 0 0 0 0 0 0 0 0 0 0 0 0 0 0
    0 0 0 0 0 0 0 0 0 0 0 0 0 0 0 0 0 0 0 0 0 0 0 0 0 0 0 0 0 0 0 0 0 0
    0 0 0 0 0 0 0 0 0 0 0 0 0 0 0 0 0 0 0 0 0 0 0 0 0 0 0 0 0 0 0 0 0 0
    0 0 0 0 0 0 0 0 0 0 0 0 0 0 0 0 0 0 0 0 0 0 0 0 0 0 0 0 0 0 0 0 0 0
    0 0 0 0 0 0 0 0 0 0 0 0 0 0 0 0 0 0 0 0 0 0 0 0 0 0 0 0 0 0 0 0 0 0
    0 0 0 0 0 0 0 0 0 0 0 0 0 0 0 0 0 0 0 0 0 0 0 0 0 0 0 0 0 0 0 0 0 0
    0 0 0 0 0 0 0 0 0 0 0 0 0 0 0 0 0 0 0 0 0 0 0 0 0 0 0 0 0 0 0 0 0 0
    0 0 0 0 0 0 0 0 0 0 0 0 0 0 0 0 0 0 0 0 0 0 0 0 0 0 0 0 0 0 0 0 0 0
    0 0 0 0 0 0 0 0 0 0 0 0 0 0 0 0 0 0 0 0 0 0 0 0 0 0 0 0 0 0 0 0 0 0
    0 0 0 0 0 0 0 0 0 0 0 0 0 0 0 0 0 0 0 0 0 0 0 0 0 0 0 0 0 0 0 0 0 0
    0 0 0 0 0 0 0 0 0 0 0 0 0 0 0 0 0 0 0 0 0 0 0 0 0 0 0 0 0 0 0 0 0 0
    0 0 0 0 0 0 0 0 0 0 0 0 0 0 0 0 0 0 0 0 0 0 0 0 0 0 0 0 0 0 0 0 0 0
    0 0 0 0 0 0 0 0 0 0 0 0 0 0 0 0 0 0 0 0 0 0 0 0 0 0 0 0 0 0 0 0 0 0
    0 0 0 0 0 0 0 0 0 0 0 0 0 0 0 0 0 0 0 0 0 0 0 0 0 0 0 0 0 0 0 0 0 0
    0 0 0 0 0 0 0 0 0 0 0 0 0 0 0 0 0 0 0 0 0 0 0 0 0 0 0 0 0 0 0 0 0 0
    0 0 0 0 0 0 0 0 0 0 0 0 0 0 0 0 0 0 0 0 0 0 0 0 0 0 0 0 0 0 0 0 0 0
    0 0 0 0 0 0 0 0 0 0 0 0 0 0 0 0 0 0 0 0 0 0 0 0 0 0 0 0 0 0 0 0 0 0
    0 0 0 0 0 0 0 0 0 0 0 0 0 0 0 0 0 0 0 0 0 0 0 0 0 0 0 0 0 0 0 0 0 0
    0 0 0 0 0 0 0 0 0 0 0 0 0 0 0 0 0 0 0 0 0 0 0 0 0 0 0 0 0 0 0 0 0 0
    0 0 0 0 0 0 0 0 0 0 0 0 0 0 0 0 0 0 0 0 0 0 0 0 0 0 0 0 0 0 0 0 0 0
    0 0 0 0 0 0 0 0 0 0 0 0 0 0 0 0 0 0 0 0 0 0 0 0 0 0 0 0 0 0 0 0 0 0
    0 0 0 0 0 0 0 0 0 0 0 0 0 0 0 0 0 0 0 0 0 0 0 0 0 0 0 0 0 0 0 0 0 0
    0 0 0 0 0 0 0 0 0 0 0 0 0 0 0 0 0 0 0 0 0 0 0 0 0 0 0 0 0 0 0 0 0 0
    0 0 0 0 0 0 0 0 0 0 0 0 0 0 0 0 0 0 0 0 0 0 0 0 0 0 0 0 0 0 0 0 0 0
    0 0 0 0 0 0 0 0 0 0 0 0 0 0 0 0 0 0 0 0 0 0 0 0 0 0 0 0 0 0 0 0 0 0
    0 0 0 0 0 0 0 0 0 0 0 0 0 0 0 0 0 0 0 0 0 0 0 0 0 0 0 0 0 0 0 0 0 0
    0 0 0 0 0 0 0 0 0 0 0 0 0 0 0 0 0 0 0 0 0 0 0 0 0 0 0 0 0 0 0 0 0 0
    0 0 0 0 0 0 0 0 0 0 0 0 0 0 0 0 0 0 0 0 0 0 0 0 0 0 0 0 0 0 0 0 0 0
    0 0 0 0 0 0 0 0 0 0 0 0 0 0 0 0 0 0 0 0 0 0 0 0 0 0 0 0 0 0 0 0 0 0
    0 0 0 0 0 0 0 0 0 0 0 0 0 0 0 0 0 0 0 0 0 0 0 0 0 0 0 0 0 0 0 0 0 0
    0 0 0 0 0 0 0 0 0 0 0 0 0 0 0 0 0 0 0 0 0 0 0 0 0 0 0 0 0 0 0 0 0 0
    0 0 0 0 0 0 0 0 0 0 0 0</data></roadMatrix>
</opencv_storage>
