<?xml version="1.0"?>
<opencv_storage>
<roadMatrix type_id="opencv-matrix">
  <rows>1080</rows>
  <cols>2</cols>
  <dt>w</dt>
  <data>
    191 316 191 316 191 316 191 316 192 316 192 317 192 317 192 317 192
    317 192 317 192 317 193 317 193 317 193 317 193 318 193 318 193 318
    193 318 194 318 194 318 194 318 194 318 194 319 194 319 194 319 195
    319 195 319 195 319 195 319 195 319 195 319 195 320 195 320 196 320
    196 320 196 320 196 320 196 320 196 320 197 321 197 321 197 321 197
    321 197 321 197 321 198 321 198 321 198 322 198 322 198 322 198 322
    198 322 198 322 199 322 199 322 199 322 199 322 199 322 199 323 199
    323 199 323 200 323 200 323 200 323 200 323 200 323 200 323 200 323
    201 324 201 324 201 324 201 324 201 324 201 324 202 324 202 324 202
    324 202 325 202 325 202 325 203 325 203 325 203 325 203 325 203 325
    203 326 203 326 204 326 204 326 204 326 204 326 204 326 204 326 204
    327 205 327 205 327 205 327 205 327 205 327 205 327 205 327 206 327
    206 328 206 328 206 328 206 328 206 328 206 328 206 328 207 329 207
    329 207 329 207 329 207 329 207 329 208 329 208 329 208 329 208 329
    208 329 208 330 208 330 209 330 209 330 209 330 209 330 209 330 209
    330 210 330 210 330 210 331 210 331 210 331 210 331 210 331 211 331
    211 331 211 331 211 331 211 331 211 332 211 332 212 332 212 332 212
    332 212 332 212 332 212 332 212 332 212 333 213 333 213 333 213 333
    213 333 213 333 213 333 214 333 214 333 214 334 214 334 214 334 214
    334 214 334 215 334 215 334 215 334 215 335 215 335 215 335 215 335
    216 335 216 335 216 335 216 335 216 336 216 336 216 336 216 336 216
    336 217 336 217 336 217 336 217 337 217 337 217 337 218 337 218 337
    218 337 218 337 218 337 218 337 219 337 219 338 219 338 219 338 219
    338 219 338 219 338 220 338 220 338 220 338 220 338 220 338 220 339
    220 339 221 339 221 339 221 339 221 339 221 339 221 339 221 339 222
    340 222 340 222 340 222 340 222 340 222 340 222 340 223 340 223 340
    223 341 223 341 223 341 223 341 223 341 224 341 224 341 224 342 224
    342 224 342 224 342 225 342 225 342 225 342 225 342 225 342 225 343
    225 343 226 343 226 343 226 343 226 343 226 343 226 343 226 343 227
    344 227 344 227 344 227 344 227 344 227 344 227 344 227 344 228 344
    228 345 228 345 228 345 228 345 228 345 228 345 229 345 229 345 229
    345 229 345 229 346 229 346 230 346 230 346 230 346 230 346 230 346
    230 346 230 346 231 346 231 347 231 347 231 347 231 347 231 347 231
    347 232 347 232 347 232 347 232 348 232 348 232 348 232 348 233 348
    233 348 233 348 233 348 233 349 233 349 234 349 234 349 234 349 234
    349 234 349 234 349 234 349 234 350 235 350 235 350 235 350 235 350
    235 350 235 350 236 350 236 351 236 351 236 351 236 351 236 351 236
    351 237 351 237 351 237 351 237 352 237 352 237 352 237 352 238 352
    238 352 238 352 238 352 238 352 238 353 238 353 239 353 239 353 239
    353 239 353 239 353 239 353 239 353 240 354 240 354 240 354 240 354
    240 354 240 354 240 354 241 354 241 355 241 355 241 355 241 355 241
    355 241 355 242 355 242 355 242 355 242 356 242 356 242 356 242 356
    243 356 243 356 243 356 243 356 243 356 243 357 243 357 244 357 244
    357 244 357 244 357 244 357 244 357 244 357 245 358 245 358 245 358
    245 358 245 358 245 358 245 358 246 358 246 358 246 358 246 359 246
    359 246 359 246 359 247 359 247 359 247 359 247 359 247 359 247 360
    248 360 248 360 248 360 248 360 248 360 248 360 248 360 248 360 249
    360 249 361 249 361 249 361 249 361 249 361 249 361 249 361 250 361
    250 361 250 361 250 362 250 362 250 362 251 362 251 362 251 362 251
    362 251 363 251 363 251 363 252 363 252 363 252 363 252 363 252 364
    252 364 253 364 253 364 253 364 253 364 253 364 253 365 253 365 254
    365 254 365 254 365 254 365 254 365 254 365 255 365 255 365 255 366
    255 366 255 366 255 366 255 366 255 366 256 366 256 366 256 366 256
    366 256 366 256 367 256 367 256 367 257 367 257 367 257 367 257 367
    257 367 257 367 258 367 258 368 258 368 258 368 258 368 258 368 259
    368 259 368 259 305 259 305 259 305 259 305 260 306 260 306 260 306
    260 306 260 306 260 307 260 307 261 307 261 307 261 307 261 308 261
    308 261 308 261 308 261 308 262 308 262 308 262 309 262 309 262 309
    262 309 262 309 262 309 263 310 263 310 263 310 263 310 263 311 263
    311 264 311 264 311 264 311 264 311 264 312 264 312 265 312 265 312
    265 312 265 312 265 313 265 313 265 313 265 313 266 313 266 313 266
    314 266 314 266 314 266 314 266 314 267 315 267 315 267 315 267 315
    267 315 267 316 267 316 268 316 268 316 268 316 268 316 268 316 268
    317 268 317 269 317 269 317 269 318 269 318 269 318 269 318 269 318
    270 319 270 319 270 319 270 319 270 319 270 319 270 319 271 320 271
    320 271 320 271 320 271 321 271 321 271 321 272 321 272 321 272 321
    272 322 272 322 272 322 272 322 273 322 273 323 273 323 273 323 273
    323 273 323 273 324 274 324 274 324 274 324 274 324 274 324 274 325
    275 325 275 325 275 325 275 325 275 325 275 325 276 326 276 326 276
    326 276 326 276 326 276 327 276 327 276 327 277 327 277 328 277 328
    277 328 277 328 277 328 277 328 277 329 278 329 278 329 278 329 278
    329 278 329 278 329 278 330 279 330 279 330 279 330 279 330 279 331
    279 331 280 331 280 331 280 331 280 332 280 332 280 332 280 332 281
    332 281 332 281 333 281 333 281 333 281 333 282 334 282 334 282 334
    282 334 282 334 282 334 282 334 283 335 283 335 283 335 283 335 283
    335 283 335 283 335 283 336 284 336 284 336 284 337 284 337 284 337
    284 337 284 337 285 337 285 338 285 338 285 338 285 338 285 338 286
    338 286 339 286 339 286 339 286 339 286 339 287 340 287 340 287 340
    287 340 287 340 287 340 287 341 287 341 288 341 288 341 288 341 288
    342 288 342 288 342 288 342 289 342 289 342 289 342 289 343 289 343
    289 343 289 343 290 344 290 344 290 344 290 344 290 344 290 344 290
    345 291 345 291 345 291 345 291 345 291 346 291 346 291 346 292 346
    292 346 292 347 292 347 292 347 292 347 292 347 293 347 293 347 293
    348 293 348 293 348 293 348 294 348 294 349 294 349 294 349 294 349
    294 349 294 350 295 350 295 350 295 350 295 350 295 350 295 351 295
    351 296 351 296 351 296 351 296 351 296 352 296 352 296 352 297 352
    297 352 297 353 297 353 297 353 297 353 297 353 298 354 298 354 298
    354 298 354 298 354 298 354 298 355 299 355 299 355 299 355 299 355
    299 356 299 356 299 356 300 356 300 356 300 356 300 357 300 357 300
    357 300 357 301 357 301 357 301 358 301 358 301 358 301 358 301 358
    302 359 302 359 302 359 302 359 302 360 302 360 302 360 303 360 303
    360 303 360 303 360 303 361 303 361 304 361 304 361 304 361 304 361
    304 362 304 362 304 362 304 362 305 362 305 363 305 363 305 363 305
    363 305 363 306 363 306 363 306 364 306 364 306 364 306 365 306 365
    307 365 307 365 307 365 307 365 307 365 307 365 307 366 308 366 308
    366 308 366 308 366 308 367 308 367 308 367 309 367 309 368 309 368
    309 368 309 368 309 368 310 368 310 368 310 369 310 369 310 369 310
    369 310 370 311 370 311 370 311 370 311 370 311 370 311 370 311 371
    311 371 312 371 312 371 312 371 312 372 312 372 312 372 312 372 312
    372 313 373 313 373 313 373 313 373 313 373 313 373 314 374 314 374
    314 374 314 374 314 374 314 375 315 375 315 375 315 375 315 375 315
    375 315 376 315 376 316 376 316 376 316 376 316 376 316 376 316 377
    316 377 317 377 317 377 317 378 317 378 317 378 317 378 317 378 318
    379 318 379 318 379 318 379 318 379 318 379 318 380 319 380 319 380
    319 380 319 380 319 381 319 381 319 381 320 381 320 381 320 381 320
    382 320 382 320 382 321 382 321 382 321 382 321 383 321 383 321 383
    322 383 322 383 322 383 322 384 322 384 322 384 322 384 322 385 322
    385 323 385 323 385 323 385 323 385 323 386 323 386 323 386 324 386
    324 386 324 387 324 387 324 387 324 387 324 387 325 388 325 388 325
