<?xml version="1.0"?>
<opencv_storage>
<cameraMatrix type_id="opencv-matrix">
  <rows>3</rows>
  <cols>3</cols>
  <dt>d</dt>
  <data>
    9.6024160244015854e+02 0. 9.2778395337677932e+02 0.
    9.5975248255376141e+02 5.5801773049377550e+02 0. 0. 1.</data></cameraMatrix>
<distCoeffs type_id="opencv-matrix">
  <rows>1</rows>
  <cols>14</cols>
  <dt>d</dt>
  <data>
    2.3483591353758707e-01 -3.4865208777574858e-01
    2.7481293085452235e-04 4.4751819113225401e-04
    -1.8600118560789771e-02 5.3267783943646718e-01
    -3.8435258202632866e-01 -7.8919599470687191e-02 0. 0. 0. 0. 0. 0.</data></distCoeffs>
</opencv_storage>
